0 0.4453125 0.609375 0.0703125 0.09375
3 0.775390625 0.8151041666666666 0.06640625 0.13020833333333334
3 0.865234375 0.8151041666666666 0.06640625 0.13020833333333334
1 0.560546875 0.5 0.04296875 0.07291666666666667
1 0.625 0.5 0.0390625 0.07291666666666667
1 0.6875 0.5 0.0390625 0.07291666666666667
1 0.751953125 0.5 0.04296875 0.07291666666666667
1 0.814453125 0.5026041666666666 0.04296875 0.078125
1 0.876953125 0.5026041666666666 0.04296875 0.078125
1 0.9375 0.5026041666666666 0.046875 0.078125
1 0.98828125 0.5026041666666666 0.015625 0.078125
